
1 1
1 1000000
24783 29801
99999 100000
879345 870183
781 785
5 1
50000 60000
50000 55000
55000 60000
254267 782403
489765 48936
508168 455111
527006 585844
125707 994184
505849 225174
160859 788951
465616 941804
896854 198251
926602 824202
527321 765970
392681 616643
220379 435330
792815 458438
923878 934798
98286 210916
503604 697780
518955 131119
80866 713426
574958 468990
308307 434233
287465 96142
751204 6874
282562 710915
539207 569373
577983 794764
555838 399249
46349 17316
109622 782014
886445 836596
359742 597717
753916 590869
502690 793673
458525 260916
378664 642999
99013 115791
201190 133312
74210 758939
977406 749815
551209 299016
555512 586998
468667 681564
89722 15691
871987 428540
15206 530960
101646 563786
392016 901144
455608 524391
974939 797893
536943 850713
773807 42423
803606 236360
479256 90399
905688 853091
232958 898801
171511 989344
640829 369848
627120 553376
947041 815427
476685 317232
290815 67197
191879 898540
985458 267099
345301 534462
555633 176174
270869 179780
733962 763288
122646 71952
10173 827099
521792 87816
395639 852813
414432 357422
765802 600168
629972 262330
464581 396093
928592 511972
706581 880009
634506 17854
704248 906592
477320 105469
335033 235398
200196 823512
790221 324765
606264 982984
534377 820920
683980 388272
658110 785165
729050 581463
54226 879561
999999 1000000
