8 14
7 14
12 14
8 10
13 8
12 11
12 14
12 11
13 7
14 8
15 15
13 13
15 15
15 11
8 8
12 7
7 10
12 10
8 14
84 114
122 125
152 127
148 147
130 91
100 110
145 99
117 106
133 143
121 76
120 111
86 152
130 140
154 124
114 128
75 127
71 125
80 152
82 158
127 139
1473 1535
1447 1302
1050 728
977 1398
1311 785
1610 1198
1698 1131
1349 918
1342 919
1429 747
1623 1505
1683 1225
839 1027
1592 1272
896 1154
933 1377
979 1388
970 1037
1124 955
726 725
11981 8484
7709 8917
11548 8555
16702 13692
8590 10083
8848 15215
14854 14849
12138 11956
14425 11319
9365 12207
8574 15753
14645 14035
14124 7956
14458 8688
16723 7831
7829 11595
10787 8428
14983 16806
11454 16157
14970 14515
73941 132268
75802 84825
169990 162727
162426 167848
155415 145305
149572 150035
152929 147578
108187 106789
157607 141475
116841 127887
100577 100649
130254 135526
99991 88058
139147 148657
83984 83494
146503 156814
149530 151194
155405 158409
137689 151598
155147 121994
333332 333333
325464 332115
445676 458764
495465 489761
226785 216457
346585 349576
445758 449875
546879 543156
787648 787541
877456 876541
816548 816458
997845 997832
675134 675438
945000 945135
976445 976135
