29 44
73 80
24 71
56 40
70 2
42 41
6 26
96 5
43 55
80 56
99 9
61 34
27 18
45 77
92 11
33 19
55 4
96 76
74 53
14 44
52 55
82 57
78 77
60 21
30 40
75 29
47 36
63 73
51 6
50 41
16 82
60 70
84 54
44 58
5 57
1 55
10 82
12 88
57 69
7 87
8 79
16 54
15 76
25 66
81 74
7 97
54 64
65 38
17 10
94 21
973 515
129 317
882 562
186 444
223 667
269 678
260 327
414 245
16 15
38 915
221 745
55 860
952 687
787 390
442 419
904 134
933 751
169 816
32 354
978 255
740 247
651 999
292 66
244 307
80 282
941 301
745 714
879 416
120 385
806 561
804 710
414 456
461 582
272 212
936 968
466 395
933 117
394 226
900 356
532 980
356 192
999 101
906 597
517 26
981 323
306 785
751 719
960 930
301 232
142 955
